4.42166204e-01 1.18217964e+00 -3.64318121e-01 1.05327406e+00 4.26034095e-01 1.03790465e+00 9.77919696e+00 2.59342564e-01 -5.71621413e-01 6.76771981e-01
5.18481914e-01 1.47500549e+00 -2.34323170e-01 1.02863546e+00 3.99889486e-01 1.07103564e+00 9.84852044e+00 3.92345959e-01 -5.17253215e-01 9.33310490e-01
5.68603921e-01 2.02559386e+00 -6.56963951e-01 1.00438937e+00 3.64830480e-01 1.19439168e+00 9.85900036e+00 9.38787218e-01 -7.08871453e-01 1.82398401e-02
4.77236476e-01 1.38676832e+00 -9.22603116e-01 1.02999661e+00 4.00337495e-01 1.15625107e+00 9.66653259e+00 7.65587640e-01 -9.82383428e-01 1.60321638e-01
5.20278762e-01 1.32616774e+00 -8.46333985e-01 1.07731829e+00 4.12239723e-01 1.21959668e+00 9.80163756e+00 4.38594201e-01 -6.04189365e-01 5.13210357e-01
5.79677963e-01 1.67202719e+00 -1.08055911e+00 1.00753429e+00 3.52441888e-01 1.36154101e+00 9.57966267e+00 9.87913546e-01 -9.42354366e-01 2.68237471e-02
5.55190684e-01 1.51274293e+00 -1.18280131e+00 1.02754167e+00 3.86464927e-01 1.29767428e+00 9.89274466e+00 8.19593953e-01 -8.65609634e-01 3.31671404e-01
6.72770912e-01 1.95006009e+00 -1.06499383e+00 9.84235605e-01 3.46387159e-01 1.38632059e+00 9.53433063e+00 9.96036691e-01 -1.02431493e+00 3.15485460e-02
4.78623398e-01 1.18386488e+00 -1.39776432e+00 1.04822030e+00 3.62571260e-01 1.37829562e+00 8.20542109e+00 9.06686505e-01 -9.20208304e-01 3.69837210e-02
5.49620102e-01 1.36976846e+00 -1.73727975e+00 1.04839327e+00 4.14359103e-01 1.18742750e+00 9.93404856e+00 9.97565086e-01 -5.74637690e-01 2.29961622e-02
4.80748319e-01 1.05592613e+00 -1.89795303e+00 1.06139570e+00 3.96064175e-01 1.33730986e+00 9.89089118e+00 9.93064530e-01 -1.61442369e+00 3.30505710e-02
5.78522658e-01 1.30622288e+00 -2.06646039e+00 1.06299404e+00 3.92899807e-01 1.43217579e+00 7.86185779e+00 9.84970784e-01 -9.68084145e-01 6.22007709e-02
6.71535976e-01 1.86155835e+00 -2.11221354e+00 1.07220168e+00 4.12642261e-01 1.36804085e+00 8.44425519e+00 9.51840743e-01 -8.41026134e-01 5.52688857e-01
5.05164749e-01 1.11381729e+00 -2.33692459e+00 1.06769774e+00 4.11313571e-01 1.49303631e+00 8.33876275e+00 9.87248745e-01 -1.25664724e+00 5.34421705e-02
5.89555370e-01 1.55322604e+00 -2.68990643e+00 1.17169173e+00 5.16942252e-01 1.25987859e+00 9.83602795e+00 8.32798309e-01 -9.75660588e-01 2.23480934e-02
